{
 "cells": [
  {
   "cell_type": "markdown",
   "id": "fe4df220",
   "metadata": {},
   "source": [
    "Import required libraries"
   ]
  },
  {
   "cell_type": "code",
   "execution_count": 76,
   "id": "d3308f9a",
   "metadata": {},
   "outputs": [],
   "source": [
    "import torch\n",
    "import torch.nn as nn"
   ]
  },
  {
   "cell_type": "markdown",
   "id": "091289b2",
   "metadata": {},
   "source": [
    "Consider below vector embeddings for simplicity"
   ]
  },
  {
   "cell_type": "code",
   "execution_count": 77,
   "id": "8ee30967",
   "metadata": {},
   "outputs": [],
   "source": [
    "inputs = torch.tensor([\n",
    " [0.43, 0.15, 0.89],\n",
    " [0.55, 0.87, 0.66],\n",
    " [0.57, 0.85, 0.64],\n",
    " [0.22, 0.58, 0.33],\n",
    " [0.77, 0.25, 0.10],\n",
    " [0.05, 0.80, 0.55]\n",
    "]\n",
    ")"
   ]
  },
  {
   "cell_type": "markdown",
   "id": "a975caf7",
   "metadata": {},
   "source": [
    "Initiate varibales"
   ]
  },
  {
   "cell_type": "code",
   "execution_count": 78,
   "id": "bf283d72",
   "metadata": {},
   "outputs": [],
   "source": [
    "x_2 = inputs[1]\n",
    "d_in = inputs.shape[1]\n",
    "d_out = 2"
   ]
  },
  {
   "cell_type": "markdown",
   "id": "485ee65f",
   "metadata": {},
   "source": [
    "Self attention class"
   ]
  },
  {
   "cell_type": "code",
   "execution_count": 79,
   "id": "7826c957",
   "metadata": {},
   "outputs": [],
   "source": [
    "class SelfAttention_v2(nn.Module):\n",
    "    def __init__(self,d_in,d_out,qkv_bias=False):   \n",
    "        super().__init__()\n",
    "        self.W_query = nn.Linear(d_in , d_out , bias = qkv_bias)\n",
    "        self.W_key = nn.Linear(d_in , d_out , bias = qkv_bias)\n",
    "        self.W_value = nn.Linear(d_in , d_out , bias = qkv_bias)\n",
    "        \n",
    "\n",
    "    def forward(self,x):\n",
    "        keys = self.W_key(x)\n",
    "        queries = self.W_query(x)\n",
    "        values = self.W_value(x)\n",
    "        print(\"dim is :\" , self.W_query(x).shape)\n",
    "\n",
    "        atten_scores = queries @ keys.T\n",
    "        atten_weigths = torch.softmax(atten_scores / keys.shape[-1]**0.5, dim=-1)\n",
    "        context_vector = atten_weigths @ values\n",
    "        return context_vector"
   ]
  },
  {
   "cell_type": "markdown",
   "id": "2c54cc22",
   "metadata": {},
   "source": [
    "Instantiate object for attention class"
   ]
  },
  {
   "cell_type": "code",
   "execution_count": 80,
   "id": "cd345cfa",
   "metadata": {},
   "outputs": [
    {
     "name": "stdout",
     "output_type": "stream",
     "text": [
      "dim is : torch.Size([6, 2])\n",
      "tensor([[-0.0739,  0.0713],\n",
      "        [-0.0748,  0.0703],\n",
      "        [-0.0749,  0.0702],\n",
      "        [-0.0760,  0.0685],\n",
      "        [-0.0763,  0.0679],\n",
      "        [-0.0754,  0.0693]], grad_fn=<MmBackward0>)\n"
     ]
    }
   ],
   "source": [
    "torch.manual_seed(789)\n",
    "sa_v2 = SelfAttention_v2(d_in, d_out)\n",
    "print(sa_v2(inputs))"
   ]
  },
  {
   "cell_type": "markdown",
   "id": "5fbb754d",
   "metadata": {},
   "source": [
    "Reuse key,query,value from the attention class for convenience"
   ]
  },
  {
   "cell_type": "code",
   "execution_count": 81,
   "id": "fa45f1e5",
   "metadata": {},
   "outputs": [
    {
     "name": "stdout",
     "output_type": "stream",
     "text": [
      "tensor([[0.1921, 0.1646, 0.1652, 0.1550, 0.1721, 0.1510],\n",
      "        [0.2041, 0.1659, 0.1662, 0.1496, 0.1665, 0.1477],\n",
      "        [0.2036, 0.1659, 0.1662, 0.1498, 0.1664, 0.1480],\n",
      "        [0.1869, 0.1667, 0.1668, 0.1571, 0.1661, 0.1564],\n",
      "        [0.1830, 0.1669, 0.1670, 0.1588, 0.1658, 0.1585],\n",
      "        [0.1935, 0.1663, 0.1666, 0.1542, 0.1666, 0.1529]],\n",
      "       grad_fn=<SoftmaxBackward0>)\n"
     ]
    }
   ],
   "source": [
    "queries = sa_v2.W_query(inputs)\n",
    "keys = sa_v2.W_key(inputs)\n",
    "attn_scores = queries @ keys.T\n",
    "attn_weights = torch.softmax(attn_scores / keys.shape[-1]**0.5, dim=1)\n",
    "print(attn_weights)"
   ]
  },
  {
   "cell_type": "markdown",
   "id": "5ef752f5",
   "metadata": {},
   "source": [
    "Method 1 : Causal attention \n",
    "\n",
    "Create a lower traingular matrix"
   ]
  },
  {
   "cell_type": "code",
   "execution_count": 82,
   "id": "56115bac",
   "metadata": {},
   "outputs": [
    {
     "name": "stdout",
     "output_type": "stream",
     "text": [
      "tensor([[1., 0., 0., 0., 0., 0.],\n",
      "        [1., 1., 0., 0., 0., 0.],\n",
      "        [1., 1., 1., 0., 0., 0.],\n",
      "        [1., 1., 1., 1., 0., 0.],\n",
      "        [1., 1., 1., 1., 1., 0.],\n",
      "        [1., 1., 1., 1., 1., 1.]])\n"
     ]
    }
   ],
   "source": [
    "context_length = attn_scores.shape[0]\n",
    "mask_simple = torch.tril(torch.ones(context_length,context_length))\n",
    "print(mask_simple)"
   ]
  },
  {
   "cell_type": "markdown",
   "id": "68d8a5de",
   "metadata": {},
   "source": [
    "Multply the masked matrix with attention weights"
   ]
  },
  {
   "cell_type": "code",
   "execution_count": 83,
   "id": "c3c55726",
   "metadata": {},
   "outputs": [
    {
     "name": "stdout",
     "output_type": "stream",
     "text": [
      "tensor([[0.1921, 0.0000, 0.0000, 0.0000, 0.0000, 0.0000],\n",
      "        [0.2041, 0.1659, 0.0000, 0.0000, 0.0000, 0.0000],\n",
      "        [0.2036, 0.1659, 0.1662, 0.0000, 0.0000, 0.0000],\n",
      "        [0.1869, 0.1667, 0.1668, 0.1571, 0.0000, 0.0000],\n",
      "        [0.1830, 0.1669, 0.1670, 0.1588, 0.1658, 0.0000],\n",
      "        [0.1935, 0.1663, 0.1666, 0.1542, 0.1666, 0.1529]],\n",
      "       grad_fn=<MulBackward0>)\n"
     ]
    }
   ],
   "source": [
    "masked_simple = attn_weights * mask_simple\n",
    "print(masked_simple)"
   ]
  },
  {
   "cell_type": "markdown",
   "id": "f85334f0",
   "metadata": {},
   "source": [
    "Normalize the attention weights"
   ]
  },
  {
   "cell_type": "code",
   "execution_count": 84,
   "id": "392cd4bd",
   "metadata": {},
   "outputs": [
    {
     "name": "stdout",
     "output_type": "stream",
     "text": [
      "tensor([[1.0000, 0.0000, 0.0000, 0.0000, 0.0000, 0.0000],\n",
      "        [0.5517, 0.4483, 0.0000, 0.0000, 0.0000, 0.0000],\n",
      "        [0.3800, 0.3097, 0.3103, 0.0000, 0.0000, 0.0000],\n",
      "        [0.2758, 0.2460, 0.2462, 0.2319, 0.0000, 0.0000],\n",
      "        [0.2175, 0.1983, 0.1984, 0.1888, 0.1971, 0.0000],\n",
      "        [0.1935, 0.1663, 0.1666, 0.1542, 0.1666, 0.1529]],\n",
      "       grad_fn=<DivBackward0>)\n"
     ]
    }
   ],
   "source": [
    "row_sums = masked_simple.sum(dim=1 , keepdim=True)\n",
    "normalized_masked_simple = masked_simple/row_sums\n",
    "print(normalized_masked_simple)"
   ]
  },
  {
   "cell_type": "markdown",
   "id": "d242aa0e",
   "metadata": {},
   "source": [
    "Method2 : Causal attention"
   ]
  },
  {
   "cell_type": "markdown",
   "id": "6b69f153",
   "metadata": {},
   "source": [
    "Create an upper traingular matrix\n",
    "\n",
    "Use this matrix to mask the upper traingular elements of the attention_scores matrix with negative infinity values"
   ]
  },
  {
   "cell_type": "code",
   "execution_count": 85,
   "id": "7d1e2528",
   "metadata": {},
   "outputs": [
    {
     "name": "stdout",
     "output_type": "stream",
     "text": [
      "tensor([[0.2899,   -inf,   -inf,   -inf,   -inf,   -inf],\n",
      "        [0.4656, 0.1723,   -inf,   -inf,   -inf,   -inf],\n",
      "        [0.4594, 0.1703, 0.1731,   -inf,   -inf,   -inf],\n",
      "        [0.2642, 0.1024, 0.1036, 0.0186,   -inf,   -inf],\n",
      "        [0.2183, 0.0874, 0.0882, 0.0177, 0.0786,   -inf],\n",
      "        [0.3408, 0.1270, 0.1290, 0.0198, 0.1290, 0.0078]],\n",
      "       grad_fn=<MaskedFillBackward0>)\n"
     ]
    }
   ],
   "source": [
    "mask = torch.triu(torch.ones(context_length, context_length), diagonal=1)\n",
    "masked = attn_scores.masked_fill(mask.bool(), float('-inf'))\n",
    "print(masked)"
   ]
  },
  {
   "cell_type": "markdown",
   "id": "e73ebd7d",
   "metadata": {},
   "source": [
    "Calculate the attention weights"
   ]
  },
  {
   "cell_type": "code",
   "execution_count": 86,
   "id": "ba93dd18",
   "metadata": {},
   "outputs": [
    {
     "name": "stdout",
     "output_type": "stream",
     "text": [
      "tensor([[1.0000, 0.0000, 0.0000, 0.0000, 0.0000, 0.0000],\n",
      "        [0.5517, 0.4483, 0.0000, 0.0000, 0.0000, 0.0000],\n",
      "        [0.3800, 0.3097, 0.3103, 0.0000, 0.0000, 0.0000],\n",
      "        [0.2758, 0.2460, 0.2462, 0.2319, 0.0000, 0.0000],\n",
      "        [0.2175, 0.1983, 0.1984, 0.1888, 0.1971, 0.0000],\n",
      "        [0.1935, 0.1663, 0.1666, 0.1542, 0.1666, 0.1529]],\n",
      "       grad_fn=<SoftmaxBackward0>)\n"
     ]
    }
   ],
   "source": [
    "atten_weights = torch.softmax(masked / keys.shape[-1]**0.5, dim=1)\n",
    "print(atten_weights)"
   ]
  },
  {
   "cell_type": "markdown",
   "id": "759245d0",
   "metadata": {},
   "source": [
    "Masking attention weights with dropout"
   ]
  },
  {
   "cell_type": "code",
   "execution_count": 87,
   "id": "31ec9e72",
   "metadata": {},
   "outputs": [
    {
     "name": "stdout",
     "output_type": "stream",
     "text": [
      "tensor([[2.0000, 0.0000, 0.0000, 0.0000, 0.0000, 0.0000],\n",
      "        [0.0000, 0.0000, 0.0000, 0.0000, 0.0000, 0.0000],\n",
      "        [0.7599, 0.6194, 0.6206, 0.0000, 0.0000, 0.0000],\n",
      "        [0.0000, 0.4921, 0.4925, 0.0000, 0.0000, 0.0000],\n",
      "        [0.0000, 0.3966, 0.0000, 0.3775, 0.0000, 0.0000],\n",
      "        [0.0000, 0.3327, 0.3331, 0.3084, 0.3331, 0.0000]],\n",
      "       grad_fn=<MulBackward0>)\n"
     ]
    }
   ],
   "source": [
    "torch.manual_seed(123)\n",
    "dropout = nn.Dropout(p=0.5)\n",
    "atten_wieghts_dropout = dropout(atten_weights)\n",
    "print(atten_wieghts_dropout)"
   ]
  },
  {
   "cell_type": "markdown",
   "id": "4b75b34a",
   "metadata": {},
   "source": [
    "Implementing causual attention class including handling of batches"
   ]
  },
  {
   "cell_type": "markdown",
   "id": "536795e1",
   "metadata": {},
   "source": [
    "Create a dummy batch"
   ]
  },
  {
   "cell_type": "code",
   "execution_count": 88,
   "id": "5dcffbb3",
   "metadata": {},
   "outputs": [
    {
     "name": "stdout",
     "output_type": "stream",
     "text": [
      "torch.Size([2, 6, 3])\n"
     ]
    }
   ],
   "source": [
    "batch = torch.stack((inputs, inputs), dim=0)\n",
    "print(batch.shape)"
   ]
  },
  {
   "cell_type": "code",
   "execution_count": null,
   "id": "0dafd84b",
   "metadata": {},
   "outputs": [],
   "source": [
    "class CausalAttention(nn.Module):\n",
    "    \n",
    "    def __init__(self, d_in,d_out,context_length,dropout, qkv_bias = False):\n",
    "        super().__init__()\n",
    "        self.d_out = d_out\n",
    "        self.W_query = nn.Linear(d_in, d_out, bias=qkv_bias)\n",
    "        self.W_key = nn.Linear(d_in, d_out, bias=qkv_bias)\n",
    "        self.W_value = nn.Linear(d_in, d_out, bias=qkv_bias)\n",
    "        self.dropout = nn.Dropout(dropout)\n",
    "        self.register_buffer(\"mask\", torch.tril(torch.ones(context_length, context_length),diagonal=1))\n",
    "\n",
    "    def forward(self, x):\n",
    "        b, num_tokens, d_in = x.shape\n",
    "        keys = self.W_key(x)\n",
    "        queries = self.W_query(x)\n",
    "        values = self.W_value(x)\n",
    "\n",
    "        atten_scores = queries @ keys.transpose(1,2)\n",
    "        atten_scores.masked_fill_(self.mask.bool()[:num_tokens, :num_tokens],-torch.inf) # `:num_tokens` to account for cases where the number of tokens in the batch is smaller than the supported context_size\n",
    "        atten_weights = torch.softmax(atten_scores / keys.shape[-1]**0.5, dim=-1)\n",
    "        atten_weights = self.dropout(atten_weights)\n",
    "        context_vector = atten_weights @ values\n",
    "        return context_vector\n"
   ]
  },
  {
   "cell_type": "code",
   "execution_count": 92,
   "id": "3d4301f4",
   "metadata": {},
   "outputs": [
    {
     "name": "stdout",
     "output_type": "stream",
     "text": [
      "context_vecs.shape: torch.Size([2, 6, 2])\n"
     ]
    }
   ],
   "source": [
    "torch.manual_seed(123)\n",
    "context_length = batch.shape[1]\n",
    "ca = CausalAttention(d_in, d_out, context_length, 0.0)\n",
    "context_vecs = ca(batch)\n",
    "print(\"context_vecs.shape:\", context_vecs.shape)"
   ]
  }
 ],
 "metadata": {
  "kernelspec": {
   "display_name": "Python 3",
   "language": "python",
   "name": "python3"
  },
  "language_info": {
   "codemirror_mode": {
    "name": "ipython",
    "version": 3
   },
   "file_extension": ".py",
   "mimetype": "text/x-python",
   "name": "python",
   "nbconvert_exporter": "python",
   "pygments_lexer": "ipython3",
   "version": "3.11.3"
  }
 },
 "nbformat": 4,
 "nbformat_minor": 5
}
